50
284.000000
205.000000
202.000000
202.000000
236.000000
204.000000
204.000000
204.000000
202.000000
221.000000
203.000000
205.000000
202.000000
372.000000
214.000000
201.000000
203.000000
222.000000
202.000000
203.000000
202.000000
203.000000
218.000000
202.000000
204.000000
202.000000
202.000000
229.000000
204.000000
202.000000
200.000000
203.000000
295.000000
204.000000
202.000000
202.000000
3581.000000
205.000000
205.000000
238.000000
204.000000
201.000000
204.000000
220.000000
203.000000
203.000000
205.000000
202.000000
241.000000
204.000000
