50
104137.000000
56429.000000
42039.000000
39963.000000
39996.000000
40155.000000
39692.000000
41087.000000
43769.000000
52571.000000
86054.000000
93277.000000
64132.000000
46393.000000
40684.000000
39972.000000
40441.000000
39913.000000
39609.000000
39803.000000
41357.000000
40007.000000
67871.000000
99494.000000
56732.000000
48654.000000
91723.000000
59183.000000
41611.000000
42162.000000
39786.000000
39859.000000
40522.000000
40139.000000
41858.000000
41420.000000
40350.000000
43661.000000
110738.000000
70611.000000
48897.000000
40834.000000
40809.000000
40564.000000
40248.000000
39837.000000
60370.000000
102168.000000
66249.000000
46350.000000
