50
498.000000
429.000000
472.000000
464.000000
492.000000
425.000000
1887.000000
447.000000
425.000000
421.000000
520.000000
433.000000
5597.000000
493.000000
1073.000000
533.000000
448.000000
419.000000
441.000000
425.000000
425.000000
520.000000
425.000000
449.000000
424.000000
492.000000
425.000000
485.000000
423.000000
470.000000
426.000000
521.000000
428.000000
418.000000
1776.000000
452.000000
422.000000
470.000000
423.000000
2570.000000
426.000000
872.000000
417.000000
549.000000
413.000000
484.000000
476.000000
501.000000
475.000000
490.000000
