50
35912.000000
23925.000000
18521.000000
17062.000000
14469.000000
13347.000000
12190.000000
13157.000000
10904.000000
10232.000000
10509.000000
9556.000000
10420.000000
9680.000000
9566.000000
9577.000000
9678.000000
9648.000000
9425.000000
9642.000000
9691.000000
10099.000000
9638.000000
9584.000000
9694.000000
9751.000000
10567.000000
9822.000000
10099.000000
10057.000000
9608.000000
9567.000000
9681.000000
9578.000000
9601.000000
9563.000000
9608.000000
9612.000000
9754.000000
9650.000000
9689.000000
9592.000000
9664.000000
9641.000000
9734.000000
9706.000000
9621.000000
9736.000000
9771.000000
9707.000000
