50
5573.000000
9017.000000
8051.000000
6283.000000
5047.000000
7424.000000
4758.000000
4504.000000
4266.000000
4130.000000
3877.000000
3700.000000
3755.000000
3613.000000
3524.000000
3274.000000
3269.000000
3104.000000
2975.000000
2913.000000
2991.000000
2864.000000
2785.000000
2842.000000
2706.000000
2568.000000
2639.000000
2590.000000
2537.000000
2526.000000
2453.000000
2377.000000
4268.000000
2359.000000
2520.000000
2468.000000
2235.000000
2208.000000
2255.000000
2110.000000
2239.000000
2182.000000
2102.000000
2120.000000
2015.000000
2020.000000
2078.000000
1950.000000
1993.000000
1958.000000
