50
97.000000
136.000000
92.000000
91.000000
91.000000
91.000000
91.000000
90.000000
91.000000
90.000000
90.000000
108.000000
91.000000
90.000000
91.000000
91.000000
90.000000
91.000000
90.000000
91.000000
92.000000
89.000000
743.000000
92.000000
91.000000
111.000000
91.000000
91.000000
89.000000
91.000000
91.000000
92.000000
90.000000
90.000000
90.000000
90.000000
106.000000
90.000000
92.000000
91.000000
91.000000
90.000000
90.000000
90.000000
91.000000
90.000000
91.000000
106.000000
93.000000
91.000000
