50
115.000000
115.000000
117.000000
115.000000
115.000000
115.000000
115.000000
115.000000
115.000000
116.000000
113.000000
117.000000
115.000000
115.000000
114.000000
114.000000
115.000000
116.000000
114.000000
113.000000
113.000000
115.000000
116.000000
114.000000
115.000000
116.000000
113.000000
115.000000
114.000000
116.000000
114.000000
114.000000
113.000000
115.000000
114.000000
116.000000
114.000000
115.000000
115.000000
116.000000
114.000000
113.000000
116.000000
114.000000
114.000000
116.000000
117.000000
116.000000
115.000000
115.000000
