50
220.000000
220.000000
221.000000
223.000000
220.000000
221.000000
221.000000
221.000000
221.000000
222.000000
221.000000
222.000000
220.000000
221.000000
219.000000
220.000000
220.000000
220.000000
221.000000
222.000000
221.000000
221.000000
221.000000
225.000000
222.000000
222.000000
223.000000
221.000000
220.000000
221.000000
220.000000
220.000000
223.000000
220.000000
221.000000
220.000000
221.000000
220.000000
221.000000
221.000000
222.000000
223.000000
221.000000
220.000000
221.000000
224.000000
221.000000
221.000000
223.000000
222.000000
