50
113.000000
113.000000
112.000000
111.000000
111.000000
112.000000
111.000000
112.000000
112.000000
111.000000
110.000000
113.000000
112.000000
114.000000
112.000000
110.000000
112.000000
111.000000
111.000000
111.000000
113.000000
111.000000
112.000000
112.000000
111.000000
114.000000
112.000000
114.000000
109.000000
114.000000
112.000000
111.000000
113.000000
111.000000
114.000000
111.000000
111.000000
109.000000
113.000000
111.000000
111.000000
111.000000
111.000000
112.000000
109.000000
110.000000
111.000000
111.000000
109.000000
114.000000
