50
215.000000
215.000000
213.000000
213.000000
212.000000
216.000000
214.000000
215.000000
212.000000
213.000000
212.000000
218.000000
211.000000
209.000000
213.000000
214.000000
215.000000
214.000000
212.000000
213.000000
214.000000
214.000000
212.000000
214.000000
209.000000
211.000000
212.000000
213.000000
211.000000
213.000000
215.000000
214.000000
212.000000
214.000000
216.000000
214.000000
212.000000
211.000000
213.000000
213.000000
215.000000
215.000000
211.000000
213.000000
212.000000
211.000000
217.000000
212.000000
210.000000
210.000000
