50
51.000000
51.000000
50.000000
51.000000
51.000000
51.000000
50.000000
50.000000
50.000000
49.000000
50.000000
50.000000
50.000000
49.000000
51.000000
50.000000
51.000000
51.000000
51.000000
50.000000
51.000000
50.000000
50.000000
50.000000
50.000000
50.000000
49.000000
51.000000
50.000000
50.000000
50.000000
50.000000
50.000000
50.000000
50.000000
51.000000
50.000000
51.000000
50.000000
52.000000
51.000000
51.000000
50.000000
50.000000
50.000000
50.000000
51.000000
50.000000
50.000000
51.000000
